1737
14127
14129
14118
14128
14117
14154
14153
14152
14151
10683
8418
5122
1
2
3
4
5
6
8
9
10
11
12
14
15
16
22
23
24
32
33
34
35
36
37
45
46
48
49
50
62
63
64
65
79
80
81
96
97
114
115
116
131
132
134
146
152
153
165
166
168
169
171
178
183
184
185
187
193
194
198
199
200
206
211
212
219
224
225
226
233
234
239
240
241
249
256
264
271
272
279
280
288
289
290
291
292
300
308
309
310
311
313
314
317
321
322
323
332
333
334
336
337
345
346
356
358
360
368
369
380
381
386
387
395
396
408
409
417
453
454
463
464
485
490
499
500
526
535
574
575
604
605
651
652
653
680
681
682
683
689
692
696
697
698
722
723
724
725
729
735
736
739
740
765
766
777
778
779
780
781
782
806
808
812
818
819
820
846
847
848
849
850
851
855
862
863
864
891
894
898
899
904
905
906
935
938
941
944
945
973
976
977
978
979
980
985
986
1014
1015
1017
1019
1053
1054
1059
1060
1089
1091
1092
1095
1096
1097
1098
1126
1127
1128
1129
1130
1134
1135
1137
1138
1169
1170
1171
1176
1178
1208
1211
1212
1213
1216
1217
1218
1250
1251
1252
1253
1254
1255
1257
1293
1294
1295
1296
1297
1299
1301
1302
1305
1306
1339
1341
1342
1344
1345
1346
1349
1350
1383
1386
1387
1389
1390
1391
1392
1394
1395
1428
1431
1434
1435
1436
1437
1438
1439
1440
1473
1474
1476
1477
1479
1480
1481
1482
1483
1484
1485
1518
1521
1524
1525
1526
1527
1563
1564
1565
1569
1570
1571
1572
1573
1574
1609
1612
1616
1617
1618
1619
1620
1622
1623
1624
1625
1626
1627
1664
1668
1669
1670
1671
1672
1673
1674
1676
1679
1680
1681
1682
1683
1684
1686
1722
1723
1725
1726
1732
1734
1739
1740
1742
1743
1782
1783
1784
1790
1791
1792
1842
1843
1844
1845
1850
1851
1852
1903
1904
1905
1906
1909
1910
1911
1965
2018
2021
2022
2075
2076
2077
2078
2079
2080
2134
2135
2136
2137
2192
2193
2194
2195
2250
2307
2308
2365
2422
2423
2481
2482
2483
2541
2542
2543
2604
2605
2607
2608
2669
2671
2737
2800
2802
2846
2847
2869
2912
2913
2931
2935
2978
2979
2997
3004
3046
3047
3065
3066
3072
3112
3113
3114
3132
3133
3139
3178
3179
3180
3197
3199
3200
3242
3243
3244
3245
3264
3273
3309
3310
3311
3312
3329
3343
3377
3378
3379
3380
3395
3398
3412
3446
3447
3448
3449
3450
3464
3466
3479
3514
3516
3517
3529
3531
3532
3540
3543
3545
3562
3563
3580
3581
3582
3583
3584
3594
3609
3610
3611
3612
3629
3630
3647
3657
3658
3675
3676
3678
3679
3696
3697
3713
3714
3724
3725
3741
3742
3746
3747
3764
3780
3796
3812
3813
3814
3815
3832
3833
3834
3849
3859
3860
3876
3877
3884
3885
3886
3900
3904
3905
3919
3930
3947
3948
3957
3971
3972
3975
3976
3991
3997
4016
4033
4034
4038
4039
4040
4043
4044
4045
4058
4059
4065
4084
4085
4086
4101
4102
4103
4106
4107
4110
4123
4124
4131
4146
4147
4148
4164
4166
4170
4171
4183
4184
4185
4186
4187
4188
4189
4197
4198
4212
4213
4228
4229
4230
4231
4235
4236
4237
4248
4249
4253
4254
4255
4264
4265
4279
4280
4281
4282
4298
4299
4314
4329
4330
4358
4359
4360
4363
4364
4375
4389
4390
4392
4404
4405
4420
4421
4422
4425
4426
4438
4439
4440
4441
4456
4457
4458
4467
4469
4470
4485
4486
4487
4490
4491
4492
4493
4501
4502
4503
4504
4522
4531
4532
4533
4546
4547
4548
4549
4552
4553
4560
4561
4580
4581
4587
4588
4589
4603
4606
4607
4608
4613
4614
4615
4637
4641
4642
4643
4644
4657
4658
4659
4660
4662
4663
4667
4668
4669
4692
4693
4694
4698
4711
4712
4713
4715
4716
4720
4721
4722
4745
4746
4747
4749
4750
4762
4763
4764
4765
4767
4768
4769
4772
4788
4797
4798
4801
4813
4815
4818
4821
4822
4837
4838
4839
4846
4847
4848
4850
4851
4862
4863
4864
4865
4866
4868
4869
4870
4873
4874
4889
4891
4892
4893
4896
4897
4900
4901
4913
4914
4915
4916
4917
4918
4921
4936
4937
4938
4939
4940
4943
4944
4948
4949
4950
4960
4961
4962
4963
4965
4966
4974
4975
4976
4981
4982
4983
4985
4986
4987
4990
4991
4992
5001
5002
5003
5004
5006
5010
5011
5013
5019
5020
5021
5025
5027
5029
5037
5038
5039
5040
5041
5042
5045
5046
5047
5049
5054
5055
5056
5059
5060
5065
5066
5074
5075
5076
5077
5078
5080
5081
5082
5086
5087
5092
5096
5103
5104
5105
5106
5107
5108
5109
5114
5115
5118
5119
5120
5124
5125
5127
5128
5129
5130
5131
5132
5133
5134
5135
5137
5138
5139
5140
5144
5145
5146
5147
5149
5150
5154
5155
5156
5157
5158
5159
5160
5161
5162
5163
5164
5165
5166
5168
5169
5170
5171
5172
5178
5179
5180
5181
5182
5184
5185
5187
5189
5190
5191
5192
5193
5194
5196
5197
5203
5204
5211
5212
5213
5214
5217
5218
5219
5221
5223
5232
5233
5234
5235
5236
5237
5238
5244
5245
5246
5247
5250
5251
5252
5253
5255
5258
5259
5260
5265
5266
5267
5269
5278
5282
5286
5288
5289
5290
5291
5292
5297
5299
5306
5307
5309
5310
5311
5315
5316
5317
5318
5319
5321
5322
5323
5324
5325
5329
5330
5331
5338
5340
5341
5342
5343
5344
5346
5347
5348
5349
5358
5359
5360
5367
5369
5370
5371
5372
5373
5379
5380
5381
5387
5388
5389
5390
5392
5393
5394
5397
5398
5399
5405
5406
5407
5409
5410
5411
5412
5414
5415
5422
5423
5424
5425
5426
5427
5430
5438
5439
5440
5441
5443
5444
5445
5446
5447
5454
5455
5456
5457
5460
5461
5462
5463
5464
5465
5466
5474
5475
5476
5477
5478
5479
5483
5484
5487
5488
5489
5497
5499
5500
5502
5505
5506
5510
5511
5519
5520
5521
5522
5523
5527
5533
5534
5535
5542
5543
5544
5545
5546
5550
5551
5558
5559
5560
5561
5562
5563
5564
5565
5566
5574
5578
5580
5583
5586
5589
5590
5599
5600
5601
5602
5603
5604
5605
5609
5623
5624
5626
5631
5641
5644
5653
5654
5656
5657
5658
5665
5668
5669
5676
5679
5680
5686
5688
5689
5690
5703
5711
5712
5720
5728
5736
5737
5740
5746
5747
5748
5751
5757
5758
5759
5762
5769
5778
5779
5780
5781
5782
5785
5795
5808
5809
5810
5811
5812
5813
5823
5824
5825
5826
5827
5834
5835
5836
5837
5838
5839
5840
5852
5853
5858
5859
5868
5869
5872
5874
5875
5877
5886
5887
5888
5892
5893
5894
5895
5900
5901
5902
5903
5904
5905
5906
5908
5909
5911
5912
5913
5917
5918
5919
5920
5921
5923
5926
5931
5932
5933
5934
5935
5936
5937
5940
5945
5946
5948
5949
5950
5955
5956
5958
5959
5964
5965
5966
5967
5970
5974
5975
5976
5980
5984
5985
5986
5988
5989
5990
5993
5994
5995
5996
5999
6000
6003
6004
6005
6008
6010
6012
6016
6021
6022
6024
6029
6034
6035
6036
6037
6041
6047
6052
6053
6055
6056
6059
6060
6062
6063
6066
6067
6068
6070
6071
6074
6075
6076
6078
6081
6082
6083
6087
6088
6089
6091
6094
6095
6099
6100
6102
6105
6106
6108
6109
6111
6113
6114
6116
6117
6119
6120
6122
6125
6126
6127
6130
6131
6134
6135
6141
6142
6143
6144
6146
6148
6153
6154
6155
6156
6157
6158
6160
6162
6166
6167
6168
6169
6172
6173
6174
6175
6176
6177
6180
6181
6182
6183
6184
6185
6188
6189
6191
6192
6195
6196
6197
6198
6199
6200
6201
6205
6207
6208
6213
6214
6215
6216
6219
6220
6224
6225
6226
6227
6230
6231
6232
6236
6237
6238
6241
6242
6243
6245
6246
6247
6249
6250
6251
6253
6254
6255
6257
6258
6260
6261
6263
6265
6266
6267
6268
6269
6270
6271
6273
6274
6275
6276
6277
6278
6279
6280
6281
6282
6283
6285
6286
6287
6288
6290
6291
6294
6295
6296
6297
6300
6301
6302
6303
6304
6305
6306
6307
6308
6313
6314
6315
6316
6318
6319
6320
6321
6322
6323
6324
6326
6327
6328
6329
6330
6331
6332
6334
6335
6336
6337
6339
6340
6341
6342
6344
6345
6347
6348
6351
6352
6354
6355
6358
6359
6361
6362
6364
6367
6369
6370
6372
6373
6374
6376
6377
6379
6380
6381
6382
6383
6384
6385
6386
6387
6388
6389
6390
6392
6393
6394
6395
6397
6398
6399
6400
6401
6402
6403
6404
6405
6406
6407
6408
6409
6410
6411
6412
6413
6414
6415
6416
6418
6419
6420
6421
6422
6424
6425
6426
6428
6430
6431
6433
6434
6435
6436
6437
6439
6441
6442
6443
6444
6445
6446
6447
6449
6450
6451
6452
6453
6454
6455
6456
6457
6460
6461
6462
6463
6466
6467
6471
6472
6473
6474
6477
6478
6479
6480
6481
6482
6484
6485
6486
6487
6488
6489
6491
6492
6493
6494
6495
6496
6497
6498
6499
6500
6501
6502
6503
6504
6505
6506
6507
6508
6509
6510
6511
6512
6513
6514
6515
6516
6518
6519
6520
6523
6524
6525
6526
6527
6528
6529
6531
6533
6535
6536
6537
6539
6540
6541
6543
6544
6545
6546
6547
6548
6549
6550
6551
6552
6553
6554
6555
6556
6557
6558
6559
6560
6562
6563
6564
6565
6566
6567
6568
6569
6570
6571
6573
6574
6575
6576
6577
6578
6579
6580
6581
6582
6583
6584
6585
6586
6587
6589
6590
6592
6593
6594
6595
6596
6602
6608
6609
6610
6611
6612
6613
6614
6615
6616
6617
6619
6620
6621
6622
6624
6635
6641
6648
6652
6659
6664
6665
6670
6671
6675
6682
6683
6696
6697
6713
6714
6722
6731
6741
6763
6784
6796
6798
6811
6822
6824
6837
6841
6854
6860
6861
6875
6876
6883
6884
6885
6886
6905
6908
6927
6930
6931
6932
6955
6956
6976
6977
6978
6990
6995
6996
6997
6998
7009
7014
7015
7016
7017
7018
7033
7034
7047
7049
7050
7066
7085
7107
7120
7128
7141
7142
7165
7166
7176
7177
7189
7190
7202
7213
7214
7238
7239
7252
7253
7262
7271
7290
7327
7333
7334
7350
7356
7357
7369
7401
7433
7442
7444
7452
7453
7461
7462
7463
7465
7470
7471
7473
7479
7480
7481
7482
7483
7484
7488
7489
7490
7494
7495
7500
7504
7513
7521
7545
7576
7577
7588
7597
7606
7613
7614
7622
7630
7637
7638
7645
7646
7652
7653
7659
7660
7661
7662
7669
7670
7671
7691
7717
7721
7722
7723
7728
7730
7732
7733
7734
7735
7736
7737
7738
7739
7740
7741
7742
7743
7744
7745
7746
7747
7748
7749
7750
7751
7752
7753
7755
7756
7757
7758
7759
7760
7761
7762
7764
7765
7766
7767
7768
7769
7770
7773
7774
7775
7776
7777
7778
7779
7780
7781
7782
7783
7785
7786
7788
7789
7790
7791
7792
7793
7794
7796
7797
7798
7799
7800
7802
7803
7804
7805
7806
7807
7809
7810
7813
7814
7817
7818
7822
7823
7824
7825
7828
7829
7831
7834
7836
7841
7842
7844
7846
7850
7853
7858
7863
7872
7876
7878
7881
7884
7886
7887
7888
7889
7891
7893
7894
7897
7899
7900
7904
7905
7909
7910
7912
7916
7921
7923
7927
7932
7935
7936
7938
7939
7940
7941
7943
7945
7946
7950
7952
7953
7959
7960
7962
7964
7965
7967
7968
7969
7974
7976
7981
7982
7983
7987
7989
7990
7992
8005
8008
8009
8015
8016
8017
8018
8019
8026
8031
8035
8037
8039
8044
8045
8046
8051
8052
8053
8054
8055
8057
8058
8059
8061
8062
8063
8064
8065
8066
8067
8068
8069
8070
8071
8072
8073
8074
8075
8076
8077
8078
8079
8080
8081
8082
8083
8084
8085
8086
8087
8088
8089
8090
8091
8112
8135
8147
8160
8227
8229
8230
8254
8257
8281
8300
8333
8359
8383
8390
8391
8410
8417
8437
8449
8468
8469
8470
8484
8485
8487
8506
8507
8522
8523
8524
8536
8541
8545
8570
8575
8576
8588
8589
8616
8621
8622
8623
8640
8654
8669
8682
8694
8734
8900
8970
9064
9090
9091
9144
9145
9172
9179
9203
9235
9236
9267
9297
9326
9336
9365
9366
9384
9385
9389
9398
9417
9420
9427
9429
9450
9451
9460
9461
9462
9481
9482
9489
9490
9503
9506
9509
9510
9514
9515
9516
9517
9529
9531
9538
9539
9551
9557
9565
9567
9568
9571
9572
9577
9578
9586
9588
9589
9592
9596
9597
9598
9606
9607
9610
9617
9622
9624
9625
9626
9629
9630
9641
9643
9644
9645
9646
9649
9658
9659
9660
9664
9665
9670
9673
9674
9682
9686
9687
9690
9691
9698
9699
9700
9701
9706
9707
9713
9714
9715
9721
9725
9728
9729
9735
9739
9740
9741
9749
9752
9755
9756
9767
9768
9769
9770
9772
9773
9774
9786
9789
9790
9791
9792
9793
9794
9808
9810
9812
9813
9814
9826
9829
9830
9831
9848
9850
9853
9854
9868
9874
9875
9888
9889
9890
9891
9896
9908
9914
9915
9920
9928
9929
9933
9934
9935
9938
9939
9947
9952
9953
9954
9955
9956
9961
9962
9966
9967
9968
9969
9970
9973
9977
9978
9981
9982
9985
9986
9989
9993
9994
9996
10000
10001
10002
10004
10005
10007
10010
10011
10013
10014
10016
10020
10021
10022
10025
10027
10030
10035
10036
10039
10042
10047
10051
10055
10063
10064
10066
10069
10076
10079
10084
10085
10098
10102
10105
10112
10113
10118
10119
10127
10130
10131
10138
10147
10148
10149
10150
10159
10161
10171
10172
10181
10182
10184
10192
10193
10194
10195
10196
10197
10205
10206
10216
10217
10218
10219
10226
10227
10230
10231
10242
10247
10249
10250
10251
10257
10261
10262
10264
10273
10274
10275
10278
10284
10287
10288
10289
10291
10300
10301
10302
10304
10309
10311
10312
10313
10318
10319
10320
10322
10328
10333
10334
10336
10339
10340
10342
10345
10350
10351
10354
10365
10371
10381
10382
10386
10391
10399
10400
10401
10404
10410
10411
10412
10419
10423
10427
10428
10429
10430
10435
10437
10438
10441
10444
10451
10453
10454
10456
10458
10460
10461
10463
10464
10466
10467
10470
10471
10472
10473
10474
10475
10476
10477
10479
10480
10481
10482
10483
10484
10485
10486
10487
10488
10489
10490
10491
10493
10494
10495
10496
10497
10498
10499
10627
10628
10629
10630
10631
10632
10633
10634
10635
10636
10637
10638
10639
10640
10641
10642
10643
10644
10645
10646
10647
10648
10649
10650
10651
10652
10653
10654
10655
10656
10657
10658
10659
10660
10661
10662
10663
10664
10665
10666
10667
10668
10669
10670
10671
10672
10673
10674
10680
10684
10729
10730
10731
10732
10733
10734
11372
11374
11384
11386